43240102272006000143550050001576931732951002
43240102272006000143550050001576941454359337
43240102272006000143550050001576951621203550
43240102272006000143550050001576961174452226
43240102272006000143550050001581651914907265
43240102272006000143550050001581661082386713
43240102272006000143550050001581821864480710
43240102272006000143550050001582511465336550
43240102272006000143550050001582521610298223
43240102272006000143550050001582921057035231
43240102272006000143550050001582931326597753
43240102272006000143550050001582971417035811
43240102272006000143550050001582981686597980
43240102272006000143550050001582991198796094
43240102272006000143550050001583001051800550
43240102272006000143550050001583011324055221
43240102272006000143550050001583461069406810
43240102272006000143550050001583471313158988
43240202272006000143550050001587181288053522
43240202272006000143550050001587201639476666
43240202272006000143550050001587211159178111
43240202272006000143550050001587221821950887
43240202272006000143550050001589131058172958
43240202272006000143550050001589141328964026
43240202272006000143550050001591591232915167
43240302272006000143550050001594171093951020
43240302272006000143550050001594191539253542
43240302272006000143550050001594201728657412
43240302272006000143550050001594211470856683
43240302272006000143550050001594231160150833
43240302272006000143550050001594241810975952
43240302272006000143550050001594611957550716
43240302272006000143550050001594621026755490
43240302272006000143550050001594631377607601
43240302272006000143550050001594641547856132
43240302272006000143550050001596591852251576
43240302272006000143550050001597711284547950
43240302272006000143550050001597751154045260
43240302272006000143550050001597761824547780
43240302272006000143550050001598201870268970
43240302272006000143550050001598221060875369
43240302272006000143550050001602491456257924
43240302272006000143550050001602501174651545
43240402272006000143550050001606391892261452
43240402272006000143550050001606401036170770
43240402272006000143550050001606431275966186
43240402272006000143550050001606441747368896
43240402272006000143550050001610541077297658
43240402272006000143550050001610551346436179
43240402272006000143550050001610561568128842
43240402272006000143550050001610571216930968
43240402272006000143550050001610611859839338
43240402272006000143550050001610621921033556
43240502272006000143550050001620881890676846
43240502272006000143550050001620911522752290
43240502272006000143550050001620921273674700
43240502272006000143550050001620931743851457
43240502272006000143550050001620951613503178
43240502272006000143550050001621331932645754
43240502272006000143550050001622261567678610
43240502272006000143550050001622271215950183
43240502272006000143550050001623951903327050
43240602272006000143550050001624001600266700
43240602272006000143550050001628741359554095
43240602272006000143550050001628901953589096
43240702272006000143550050001632161577448680
43240702272006000143550050001632171245140100
43240702272006000143550050001632181767925831
43240702272006000143550050001632191416347956
43240702272006000143550050001632201194741573
43240702272006000143550050001632211804649249
43240702272006000143550050001632221932823761
43240702272006000143550050001632231054042410
43240702272006000143550050001632241321514685
43240702272006000143550050001632251574741199
43240702272006000143550050001632261244649806
43240702272006000143550050001633121917263210
43240702272006000143550050001633131086472789
43240702272006000143550050001633141397164498
43240702272006000143550050001633161235369137
43240702272006000143550050001633221084775490
43240702272006000143550050001633241504886137
43240702272006000143550050001633251234068850
43240702272006000143550050001633261752560929
43240702272006000143550050001633271424775071
43240702272006000143550050001633291144886560
43240702272006000143550050001633301916369480
43240802272006000143550050001639491461957882
43240802272006000143550050001640241047867633
43240802272006000143550050001641831680219766
43240802272006000143550050001641931193640780
43240802272006000143550050001641941802845490
43240802272006000143550050001641951934027600
43240802272006000143550050001641961052546135
43240802272006000143550050001642371694762931
43240802272006000143550050001642401028370545
43240902272006000143550050001646241696850525
43240902272006000143550050001646251108005273
43240902272006000143550050001646271956786416
43240902272006000143550050001648571779553201
43240902272006000143550050001648581443752737
43240902272006000143550050001648601880978870
43241002272006000143550050001653041594366123
43241002272006000143550050001653411251187594
43241002272006000143550050001653421729306205
43241002272006000143550050001653441649780452
43241002272006000143550050001653451169665622
43241002272006000143550050001654511480136442
43241002272006000143550050001654521695998667
43241002272006000143550050001654531100390184
43241002272006000143550050001654541830215895
43241002272006000143550050001654551958497908
43241002272006000143550050001654561020136038
43241002272006000143550050001654571375998352
43241002272006000143550050001654581540390529
43241002272006000143550050001654591260215279
43241002272006000143550050001655161158402241
43241002272006000143550050001655171826104768
43241002272006000143550050001657021762856924
43241002272006000143550050001659651449660626
43241002272006000143550050001659661663875171
43241002272006000143550050001659671112077845
43241002272006000143550050001659681883556916
43241002272006000143550050001659691993778082
43241002272006000143550050001659761115372413
43241002272006000143550050001659771887254689
43241102272006000143550050001663201378793207
43241102272006000143550050001663211546692759
43241102272006000143550050001663221268814425
43241102272006000143550050001663231710091672
43241102272006000143550050001663791492137531
43241102272006000143550050001663801137091326
43241102272006000143550050001663811855519545
43241102272006000143550050001663821927793262
43241102272006000143550050001663831076632715
43241102272006000143550050001663841347894483
43241102272006000143550050001663851567091697
43241202272006000143550050001670071721613185
43241202272006000143550050001670081471812892
43241202272006000143550050001670091644044937
43241202272006000143550050001672951206018934
43241202272006000143550050001672971457735321
