43240913650505000143550010000070301708030008
43240913650505000143550010000070431708043000
43240989340863000111550000000489841004408566
43240989340863000111550000000490321004412880
43240989340863000111550000000490331004412977
43240989340863000111550000000491821004426382
43241213650505000143550010000072141728014002
43250100153376000136550010000432061004329068
43250100153376000136550010000434021004349028
43250103562660000154550010000447381835185925
43250103562660000154550010000447391127009018
43250103562660000154550010000447711246651314
43250103562660000154550010000447721717474686
43250103562660000154550010000448261558775906
43250103562660000154550010000448501380457751
43250103562660000154550010000449031407920886
43250104866603000121550010000426451011716413
43250104866603000121550010000427371454233075
43250104866603000121550010000428031304672461
43250104866603000121550010000428691316602422
43250106275780000169550020000248381888399693
43250106275780000169550020000248551115657895
43250113358400000115550010000313591770371308
43250113358400000115550010000313681624283270
43250113358400000115550010000314041031564812
43250113358400000115550010000314051737110015
43250113358400000115550010000314641236051351
43250113358400000115550010000314721783463416
43250113358400000115550010000314731418860777
43250113358400000115550010000315041112810070
43250113650505000143550010000072471728047004
43250123524952001343550020000126871268187015
43250123524952001343550020000127341278134013
43250123524952001343550020000127461278146012
43250123524952001343550020000127971278197015
43250123524952001343550020000128791288179017
43250123524952001343550020000128891288189019
43250123524952001343550020000130401308140010
43250123524952001343550020000130831308183018
43250123524952001343550020000130991308199011
43250123524952001343550020000131521318152017
43250123524952001343550020000132571328157013
43250189340863000111550000000505931004553377
43250189340863000111550000000506341004557067
43250192833946000661550140000039261191167087
43250192833946000661550140000039391775620766
43250194272036000178550020000719741147137393
43250194696242000105550020000180691000761920
43250194696242000105550020000181221007365891
