43171261076055001141550500000469511000650100
43171261076055001141550500000482491000650103
43171261076055001141550500000468441000650100
43171261076055001141550500000480601000650100
43171261076055001141550500000482041000650101
43171261076055001141550500000469521000650108
43171261076055001141550500000470311000650103
43171261076055001141550500000470671000650106
43171261076055001141550500000479341000650104
43171261076055001141550500000478111000650104
43171261076055001141550500000479331000650107
43171261076055001141550500000479521000650102
43171261076055001141550500000480581000650101
43171261076055001141550500000480591000650109
43180155962369001491550910000009471000650100
43180155962369001491550910000009481000650107
43180255962369001491550910000023061000650107
43180255962369001491550910000025791000650104
35180376075118001465550010000294941196280635
43180355962369001491550910000047491000650109
35180376075118001465550010000297541734127452
43180255962369001491550910000019761000650100
43180255962369001491550910000031821000650102
43180255962369001491550910000031801000650108
43180255962369001491550910000031811000650105
43180255962369001491550910000035241000650100
43180255962369001491550910000035381000650106
43180255962369001491550910000036181000650109
43180255962369001491550910000036251000650103
43180255962369001491550910000037321000650103
43180255962369001491550910000039721000650100
43180255962369001491550910000039841000650100
43180255962369001491550910000039851000650108
43180255962369001491550910000039861000650105
43180255962369001491550910000039871000650102
43180255962369001491550910000042411000650100
43180255962369001491550910000042881000650106
43180355962369001491550910000047421000650108
43180355962369001491550910000049981000650104
43180355962369001491550910000052031000650107
43180355962369001491550910000048581000650103
43180355962369001491550910000048591000650100
43180355962369001491550910000048611000650109
43180355962369001491550910000048601000650101
43180355962369001491550910000048621000650106
43180355962369001491550910000048631000650103
43180355962369001491550910000056581000650107
43180355962369001491550910000057981000650108
43180355962369001491550910000057991000650105
43180355962369001491550910000061801000650105
43180355962369001491550910000063891000650101
43180355962369001491550910000077751000650102
43180455962369001491550910000107721000650106
43180355962369001491550910000061411000650107
43180355962369001491550910000062881000650109
43180355962369001491550910000063901000650102
43180355962369001491550910000083091000650100
43180355962369001491550910000072871000650106
43180355962369001491550910000077781000650104
43180355962369001491550910000077791000650101
43180355962369001491550910000078301000650106
43180355962369001491550910000079711000650104
43180355962369001491550910000081661000650105
43180455962369001491550910000085681000650105
43180455962369001491550910000091931000650100
43180455962369001491550910000092311000650103
43180455962369001491550910000093811000650100
43180455962369001491550910000093861000650107
43180455962369001491550910000097211000650104
43180455962369001491550910000099921000650107
43180455962369001491550910000100331000650100
43180455962369001491550910000100361000650101
43180455962369001491550910000100961000650100
43180455962369001491550910000104691000650104
43180455962369001491550910000107321000650100
43180455962369001491550910000107341000650105
43180455962369001491550910000109271000650101
43180455962369001491550910000118661000650109
43180455962369001491550910000118671000650106
35180576075118001465550010000301521868636168
43180455962369001491550910000109251000650107
43180455962369001491550910000110861000650108
43180455962369001491550910000122041000650108
43180455962369001491550910000122051000650105
43180455962369001491550910000122061000650102
43180455962369001491550910000121321000650107
43180455962369001491550910000121341000650101
43180455962369001491550910000122131000650107
43180455962369001491550910000123041000650103
43180455962369001491550910000117801000650102
43180455962369001491550910000120801000650109
43180455962369001491550910000120911000650102
43180555962369001491550910000127881000650109
43180655962369001491550910000172481000650102
43180555962369001491550910000129721000650100
43180555962369001491550910000140121000650101
43180555962369001491550910000140141000650106
43180555962369001491550910000141751000650107
43180555962369001491550910000146401000650109
43180555962369001491550910000146431000650100
35180676075118001465550010000303261600899040
43180555962369001491550910000147401000650104
43180555962369001491550910000151991000650103
43180555962369001491550910000152671000650105
43180555962369001491550910000152681000650102
43180555962369001491550910000152731000650102
43180655962369001491550910000173841000650104
43180655962369001491550910000173851000650101
43180755962369001491550910000210801000650109
43180755962369001491550910000201801000650100
43180755962369001491550910000199031000650101
43180655962369001491550910000172551000650107
43180655962369001491550910000172561000650104
43180655962369001491550910000175701000650100
43180655962369001491550910000180111000650106
43180655962369001491550910000187861000650105
43180655962369001491550910000189701000650106
43180655962369001491550910000190451000650109
35180776075118001465550010000305441926670308
35180776075118001465550010000305581542172455
43180655962369001491550910000177161000650106
43180755962369001491550910000196051000650100
43180755962369001491550910000198931000650103
43180755962369001491550910000198941000650100
43180755962369001491550910000198921000650106
43180755962369001491550910000203741000650103
43180755962369001491550910000196061000650107
43180755962369001491550910000199671000650109
43180755962369001491550910000202451000650106
43180755962369001491550910000204801000650106
43180755962369001491550910000204811000650103
43180755962369001491550910000204831000650108
43180755962369001491550910000207011000650109
43180755962369001491550910000207021000650106
43180755962369001491550910000207031000650103
43180755962369001491550910000204821000650100
43180755962369001491550910000215091000650100
43180755962369001491550910000215101000650101
43180755962369001491550910000215111000650109
43180755962369001491550910000217031000650108
43180755962369001491550910000217041000650105
35180776075118001465550010000307091174164392
43180755962369001491550910000220831000650105
43180755962369001491550910000223141000650104
43180755962369001491550910000227131000650109
43180755962369001491550910000227141000650106
43180755962369001491550910000229001000650101
43180755962369001491550910000230121000650108
43180755962369001491550910000210851000650105
43180755962369001491550910000220161000650102
43180755962369001491550910000223131000650107
43180755962369001491550910000227651000650105
43180755962369001491550910000230131000650105
43180755962369001491550910000234951000650102
43180755962369001491550910000234961000650100
43180755962369001491550910000235401000650100
43180755962369001491550910000235991000650107
43180755962369001491550910000236261000650106
43180755962369001491550910000227671000650100
43180755962369001491550910000230561000650102
43180755962369001491550910000230571000650100
43180855962369001491550910000242121000650107
43180855962369001491550910000244461000650106
43180855962369001491550910000252301000650100
43180855962369001491550910000263421000650100
43180855962369001491550910000266581000650107
43180855962369001491550910000266601000650105
43180855962369001491550910000271801000650105
43180855962369001491550910000266611000650102
43180855962369001491550910000266621000650100
43180855962369001491550910000270881000650108
43180855962369001491550910000271901000650101
43180855962369001491550910000274701000650105
43180855962369001491550910000274711000650102
35180976075118001465550010000314681060918300
43180855962369001491550910000274681000650107
43180855962369001491550910000274691000650104
43180855962369001491550910000276221000650109
35180976075118001465550010000313501136316578
43180855962369001491550910000278421000650102
43180855962369001491550910000274561000650106
43180855962369001491550910000278901000650100
43180855962369001491550910000278911000650107
43180855962369001491550910000278921000650104
43180855962369001491550910000280361000650106
43180855962369001491550910000281151000650101
43180855962369001491550910000282321000650108
43180855962369001491550910000282701000650109
43180855962369001491550910000282741000650108
43180955962369001491550910000289811000650104
43180955962369001491550910000289971000650104
43180955962369001491550910000292121000650103
43180955962369001491550910000298221000650102
43180955962369001491550910000298791000650105
43180955962369001491550910000300201000650107
43180955962369001491550910000303431000650108
43180955962369001491550910000307591000650100
43181055962369001491550910000332571000650101
35181076075118001465550010000316801811057763
43180955962369001491550910000313431000650102
43180955962369001491550910000314451000650102
43180955962369001491550910000314461000650100
43180955962369001491550910000306391000650101
43180955962369001491550910000314471000650107
43180955962369001491550910000317381000650104
43180955962369001491550910000322291000650102
43180955962369001491550910000323651000650104
43180955962369001491550910000323661000650101
43180955962369001491550910000318381000650100
43180955962369001491550910000322281000650105
43180955962369001491550910000324291000650103
43180955962369001491550910000326151000650109
43180955962369001491550910000326161000650106
43180955962369001491550910000326171000650103
43181055962369001491550910000339011000650104
43181055962369001491550910000339351000650102
43181055962369001491550910000335961000650106
43181055962369001491550910000344381000650101
43181055962369001491550910000345201000650102
43181055962369001491550910000348461000650105
43181055962369001491550910000352301000650107
43181055962369001491550910000354601000650107
43181055962369001491550910000348401000650101
43181055962369001491550910000358441000650105
43181055962369001491550910000358511000650100
35181176075118001465550010000322631528392722
43181055962369001491550910000366811000650102
43181055962369001491550910000366821000650100
43181055962369001491550910000366831000650107
43181055962369001491550910000368291000650103
43181055962369001491550910000368301000650104
43181055962369001491550910000369741000650104
43181055962369001491550910000369871000650102
43181055962369001491550910000370901000650103
43181055962369001491550910000371041000650100
43181055962369001491550910000371721000650100
43181155962369001491550910000378631000650103
43181155962369001491550910000381251000650109
43181155962369001491550910000383071000650101
43181155962369001491550910000383521000650107
43181155962369001491550910000383531000650104
43181155962369001491550910000383741000650104
43181155962369001491550910000383751000650101
43181155962369001491550910000383511000650100
43181155962369001491550910000384691000650100
43181055962369001491550910000371731000650108
43181155962369001491550910000375121000650108
43181155962369001491550910000384701000650100
43181155962369001491550910000390341000650107
43181155962369001491550910000386491000650108
43181155962369001491550910000396111000650105
43181155962369001491550910000396121000650102
35181176075118001465550010000322651938370235
43181155962369001491550910000400911000650106
43181155962369001491550910000400921000650103
43181255962369001491550910000430141000650104
43181155962369001491550910000406061000650108
43181155962369001491550910000406141000650100
43181155962369001491550910000407191000650101
43181155962369001491550910000407201000650102
43181155962369001491550910000407261000650106
43181155962369001491550910000402271000650106
43181155962369001491550910000410391000650100
43181155962369001491550910000410801000650107
43181155962369001491550910000411651000650106
43181155962369001491550910000411661000650103
43181255962369001491550910000415101000650103
43181255962369001491550910000435021000650100
43181255962369001491550910000437291000650105
43181255962369001491550910000440411000650106
43171261076055001494550700000151471000650124
43171261076055001494550700000153931000650128
35180276075118001465550010000289911433255229
43180155962369001734550110000006101000650124
43180255962369001734550110000017411000650124
43180355962369001734550110000020431000650129
43180255962369001734550110000017401000650127
43180255962369001734550110000018221000650124
43180355962369001734550110000030281000650127
43180355962369001734550110000030311000650122
43180355962369001734550110000031861000650126
43180355962369001734550110000030301000650125
43180355962369001734550110000031871000650123
35180576075118001465550010000300931259073802
43180455962369001734550110000038551000650121
43180455962369001734550110000038561000650129
43180555962369001734550110000044751000650120
35180776075118001465550010000305281348733049
43180755962369001734550110000059771000650124
43180755962369001734550110000064301000650125
43180755962369001734550110000064311000650122
43180855962369001734550110000068771000650127
43180755962369001734550110000059301000650128
35180876075118001465550010000308471900207033
35180876075118001465550010000307691760752788
43180755962369001734550110000064331000650127
43180955962369001734550110000078361000650122
43180855962369001734550110000075931000650129
43180855962369001734550110000076471000650121
43180955962369001734550110000078371000650120
43180855962369001734550110000070781000650125
43180955962369001734550110000078351000650125
43180955962369001734550110000078381000650127
43180855962369001734550110000075941000650126
35181076075118001465550010000317071867222080
43181155962369001734550110000100041000650120
43181055962369001734550110000093501000650123
43181055962369001734550110000093521000650128
43181155962369001734550110000097711000650129
43181255962369001734550110000107421000650123
35180276075118001465550010000289921116776781
35180576075118001465550010000300941875131992
43180555962369001734550110000046301000650120
43180655962369001734550110000054491000650129
35180776075118001465550010000305291365781088
43180655962369001734550110000055671000650122
43180955962369001734550110000083861000650121
35181076075118001465550010000317081422833498
43181055962369001734550110000088781000650127
43181055962369001734550110000091491000650121
43181255962369001734550110000107411000650126
43181255962369001734550110000107361000650126
43181255962369001734550110000107401000650129
43190155962369001734550110000117051000650120
43190155962369001734550110000117531000650127
43190155962369001734550110000117551000650121
43190555962369001734550110000150091000650123
43190755962369001734550110000176651000650121
43190755962369001734550110000176631000650127
43190755962369001734550110000177651000650127
43190955962369001734550110000193071000650128
43190855962369001734550110000182881000650122
43191055962369001815550210000149311000650024
43191055962369001734550110000205181000650125
43190955962369001734550110000193061000650120
43191055962369001815550210000150231000650028
43191155962369001734550110000210941000650128
43191155962369001815550210000157961000650026
43191155962369001815550210000158741000650024
35191176075118001465550010000363251534905145
43191155962369001734550110000210951000650125
43191155962369001734550110000220271000650120
43191155962369001734550110000220261000650122
43191255962369001815550210000162301000650025
43191255962369001815550210000162321000650020
43191255962369001734550110000227231000650122
43181255962369001734550110000106701000650122
35190476075118001465550010000336931991187505
35190476075118001465550010000336951821654972
35190876075118001465550010000348901845644571
43181255962369001491550910000440421000650103
43181255962369001491550910000446171000650103
43181255962369001491550910000446341000650104
43181255962369001491550910000450061000650101
43181255962369001491550910000450311000650104
43181255962369001491550910000450641000650105
43181255962369001491550910000444541000650106
43181255962369001491550910000446321000650100
43181255962369001491550910000446331000650107
43181255962369001491550910000447681000650108
43181255962369001491550910000448031000650109
43181255962369001491550910000450051000650104
43181255962369001491550910000450321000650101
35190176075118001465550010000325851430803271
35190176075118001465550010000325861535502066
43190155962369001491550910000474421000650104
43190155962369001491550910000474441000650109
43190155962369001491550910000474451000650106
43190155962369001491550910000474461000650103
43190155962369001491550910000472661000650105
43190155962369001491550910000475911000650104
43190155962369001491550910000476691000650109
43190155962369001491550910000477411000650103
43190155962369001491550910000474431000650101
43190255962369001491550910000483991000650100
43190155962369001491550910000474491000650105
43190155962369001491550910000474471000650100
43190155962369001491550910000474481000650108
43190155962369001491550910000474511000650103
43190155962369001491550910000474501000650106
43190255962369001491550910000501081000650101
43190255962369001491550910000509851000650104
43190255962369001491550910000509881000650106
43190255962369001491550910000520441000650101
43190255962369001491550910000520451000650109
43190355962369001491550910000524781000650105
43190355962369001491550910000526091000650109
43190355962369001491550910000526101000650100
43190355962369001491550910000526121000650104
43190355962369001491550910000526131000650101
43190355962369001491550910000526141000650109
43190355962369001491550910000526021000650108
43190355962369001491550910000526081000650101
43190355962369001491550910000526111000650107
43190355962369001491550910000531821000650106
43190355962369001491550910000526071000650104
43190355962369001491550910000542691000650104
43190255962369001491550910000509891000650103
43190355962369001491550910000526031000650105
43190255962369001491550910000509901000650104
43190255962369001491550910000509911000650101
43190355962369001491550910000526011000650100
43190355962369001491550910000526041000650102
43190255962369001491550910000509931000650106
43190255962369001491550910000515671000650109
43190255962369001491550910000509941000650103
43190455962369001491550910000563781000650101
43190455962369001491550910000563701000650103
43190455962369001491550910000563791000650109
43190455962369001491550910000563801000650100
43190355962369001491550910000555801000650102
43190455962369001491550910000563711000650100
43190455962369001491550910000563721000650108
43190455962369001491550910000563761000650107
43190455962369001491550910000563771000650104
43190455962369001491550910000563731000650105
43190455962369001491550910000563741000650102
43190455962369001491550910000563751000650100
43190455962369001491550910000563681000650105
43190455962369001491550910000563691000650102
35190355962369001220550510000771731000650016
35190355962369001220550510000771741000650013
43190455962369001491550910000582511000650101
35190355962369001220550510000771671000650019
43190355962369001491550910000525991000650100
35190476075118001465550010000338421972090072
35190476075118001465550010000338431809162750
43190355962369001491550910000526001000650103
43190455962369001491550910000572531000650101
43190455962369001491550910000599281000650106
35190355962369001220550510000771721000650019
43190555962369001491550910000631471000650108
43190555962369001491550910000631481000650105
43190555962369001491550910000631501000650103
43190555962369001491550910000631431000650109
43190555962369001491550910000631441000650106
43190555962369001491550910000631451000650103
43190555962369001491550910000631461000650100
35190576075118001465550010000340541777363850
43190555962369001491550910000631491000650102
35190676075118001465550010000342031517259242
43190655962369001491550910000652511000650109
35190555962369001220550510000871911000650015
35190655962369001220550510000897881000650015
43190655962369001491550910000661031000650100
43190655962369001491550910000661051000650105
43190655962369001491550910000663111000650103
43190655962369001491550910000661041000650108
35190676075118001465550010000342041754645780
43190655962369001491550910000665351000650106
43190655962369001491550910000673491000650105
43190755962369001491550910000679651000650105
43190755962369001491550910000679661000650102
43190755962369001491550910000679671000650100
35190655962369001220550510000921531000650019
35190755962369001220550510000940341000650010
35190755962369001220550510000952301000650017
35190776075118001465550010000344121802529663
35190776075118001465550010000344971890698290
43190855962369001815550210000132231000650026
35190855962369001220550510001013381000650016
35190876075118001465550010000348921568391792
35190855962369001220550510000991661000650016
35190855962369001220550510000985431000650019
35190855962369001220550510001033601000650016
43190955962369001815550210000138471000650024
35190955962369001220550510001085391000650010
43190955962369001491550910000790411000650104
43190955962369001491550910000790441000650106
43191055962369001815550210000149191000650020
35190955962369001220550510001054471000650012
35191055962369001220550510001116001000650012
35191076075118001465550010000360001738823857
35191076075118001465550010000360021511890449
35191055962369001220550510001132381000650017
43191055962369001491550910000825011000650108
43191055962369001491550910000825021000650105
43191055962369001491550910000825031000650102
43191055962369001491550910000825041000650100
43191055962369001491550910000825051000650107
43191055962369001491550910000825061000650104
43191055962369001491550910000825071000650101
43191055962369001491550910000825001000650100
43191055962369001491550910000825091000650106
43191055962369001491550910000824991000650108
43191055962369001491550910000825081000650109
43191055962369001491550910000825111000650104
43191055962369001491550910000825101000650107
43191055962369001491550910000825121000650101
43191155962369001491550910000829221000650103
43191055962369001491550910000825131000650109
35191155962369001220550510001153731000650014
35191155962369001220550510001163581000650012
43191155962369001491550910000846031000650100
43191155962369001491550910000845061000650107
43191155962369001491550910000846021000650103
43191155962369001491550910000847301000650103
43191155962369001491550910000847311000650100
35191176075118001465550010000363261050881903
35191055962369001220550510001112341000650019
43191155962369001815550210000161061000650020
43191155962369001815550210000161071000650028
43191155962369001491550910000851081000650104
43191155962369001491550910000847321000650108
43191155962369001491550910000851091000650101
35191276075118001465550010000365191534150672
43161259876003000217550200001566501000603022
43161159876003000217550200001560891000603020
43170161076055001494550700000009061000650122
43170161076055001494550700000012371000650125
43170261076055001494550700000024941000650120
43170261076055001494550700000024951000650128
43170261076055001494550700000024921000650126
43170261076055001494550700000024911000650129
43170361076055001494550700000042271000650120
43170361076055001494550700000042291000650124
43170461076055001494550700000057711000650123
43170561076055001494550700000065141000650124
43170561076055001494550700000066591000650121
43170761076055001494550700000089681000650123
43171161076055001494550700000142191000650127
43171161076055001494550700000144491000650127
43171261076055001494550700000147941000650122
43170361076055001494550700000033191000650129
43170461076055001494550700000057121000650122
43161259876003000136550100006468211000603015
43161259876003000136550100006468231000603010
43161259876003000136550100006468241000603017
43161259876003000136550100006473841000603012
43161259876003000136550100006473851000603010
43161259876003000136550100006476291000603017
43161259876003000136550100006483001000603017
43161259876003000136550100006483811000603015
43161259876003000136550100006468251000603014
43161259876003000136550100006468261000603011
43161259876003000136550100006478101000603016
43161259876003000136550100006478111000603013
43161259876003000136550100006478121000603010
43161259876003000136550100006483241000603019
43161259876003000136550100006473831000603015
43161259876003000136550100006478091000603015
43161259876003000136550100006483251000603016
43161259876003000136550100006478071000603010
43161259876003000136550100006478081000603018
35170176075118001465550010000252141945236359
43170161076055001141550500000018581000650102
43170161076055001141550500000021501000650100
43170161076055001141550500000024061000650109
43170161076055001141550500000024071000650106
43170161076055001141550500000024091000650100
43170161076055001141550500000024101000650101
43170161076055001141550500000024051000650101
43170161076055001141550500000024821000650100
43170161076055001141550500000024831000650108
43170161076055001141550500000024081000650103
35170276075118001465550010000255051271494970
43170261076055001141550500000049831000650108
43170261076055001141550500000049991000650108
35170276075118001465550010000255151844800299
35170276075118001465550010000256411768172372
43170261076055001141550500000049821000650100
43170261076055001141550500000049871000650107
43170261076055001141550500000049881000650104
43170261076055001141550500000049891000650101
43170261076055001141550500000049901000650102
43170261076055001141550500000049921000650107
43170261076055001141550500000049931000650104
43170261076055001141550500000049971000650103
43170261076055001141550500000049981000650100
43170261076055001141550500000052141000650107
43170261076055001141550500000049941000650101
43170261076055001141550500000049951000650109
43170261076055001141550500000049961000650106
43170261076055001141550500000054191000650104
43170261076055001141550500000054201000650105
43170261076055001141550500000054211000650102
43170261076055001141550500000054341000650100
43170261076055001141550500000054521000650109
43170261076055001141550500000055471000650104
43170261076055001141550500000057261000650105
43170261076055001141550500000049911000650100
43170261076055001141550500000057271000650102
43170261076055001141550500000057281000650100
43170261076055001141550500000057291000650107
43170361076055001141550500000066811000650100
43170361076055001141550500000070681000650100
43170361076055001141550500000070691000650107
43170361076055001141550500000095221000650107
43170361076055001141550500000095231000650104
43170361076055001141550500000095501000650101
43170361076055001141550500000107881000650102
43170361076055001141550500000108171000650106
43170361076055001141550500000108181000650103
43170361076055001141550500000108211000650109
43170361076055001141550500000108151000650101
43170361076055001141550500000108161000650109
43170361076055001141550500000108201000650101
43170361076055001141550500000108221000650106
43170361076055001141550500000108231000650103
43170361076055001141550500000108241000650100
43170361076055001141550500000108251000650108
43170461076055001141550500000123661000650106
43170361076055001141550500000090241000650104
43170461076055001141550500000128351000650107
43170461076055001141550500000128361000650104
43170461076055001141550500000142311000650104
43170461076055001141550500000142321000650101
43170461076055001141550500000142421000650108
43170461076055001141550500000142441000650102
43170461076055001141550500000142431000650105
43170461076055001141550500000142451000650100
43170461076055001141550500000142481000650101
43170461076055001141550500000142471000650104
43170461076055001141550500000145841000650104
43170561076055001141550500000160311000650106
43170561076055001141550500000174201000650109
43170561076055001141550500000174311000650102
43170561076055001141550500000178021000650102
43170561076055001141550500000178031000650100
43170561076055001141550500000176411000650100
43170561076055001141550500000191521000650105
43170461076055001141550500000134521000650100
43170461076055001141550500000142491000650109
43170461076055001141550500000142331000650109
43170461076055001141550500000142401000650103
43170461076055001141550500000142411000650100
43170461076055001141550500000142341000650106
43170461076055001141550500000142351000650103
43170461076055001141550500000142361000650100
43170461076055001141550500000142391000650102
43170461076055001141550500000142381000650105
43170461076055001141550500000142371000650108
43170561076055001141550500000176421000650107
43170561076055001141550500000176431000650104
43170561076055001141550500000174221000650103
43170561076055001141550500000176441000650101
43170561076055001141550500000187151000650100
43170561076055001141550500000187161000650107
43170561076055001141550500000187461000650106
43170561076055001141550500000191161000650109
43170561076055001141550500000191171000650106
43170561076055001141550500000193481000650103
43170561076055001141550500000176451000650109
43170561076055001141550500000187181000650101
43170561076055001141550500000202631000650107
43170661076055001141550500000209441000650103
43170661076055001141550500000212581000650105
43170661076055001141550500000212591000650102
43170661076055001141550500000213771000650106
43170661076055001141550500000213781000650103
43170661076055001141550500000217711000650104
43170661076055001141550500000217731000650109
43170661076055001141550500000217741000650106
43170661076055001141550500000217751000650103
43170661076055001141550500000224621000650103
43170561076055001141550500000187191000650109
43170561076055001141550500000187481000650100
43170561076055001141550500000191321000650102
43170561076055001141550500000191221000650106
43170561076055001141550500000191231000650103
43170561076055001141550500000191271000650102
43170561076055001141550500000191291000650107
43170561076055001141550500000187471000650103
43170561076055001141550500000191331000650100
43170561076055001141550500000191301000650108
43170761076055001141550500000284981000650107
43170761076055001141550500000285001000650107
43170761076055001141550500000285011000650104
43170761076055001141550500000285021000650101
43170761076055001141550500000285031000650109
43170761076055001141550500000285041000650106
43170761076055001141550500000285051000650103
43170761076055001141550500000284951000650105
43170761076055001141550500000284961000650102
43170761076055001141550500000284971000650100
43170761076055001141550500000284991000650104
43170761076055001141550500000285061000650100
43170761076055001141550500000285071000650108
43170761076055001141550500000285081000650105
43170761076055001141550500000294671000650105
43170761076055001141550500000288621000650106
43170761076055001141550500000288631000650103
43170761076055001141550500000288641000650100
43170761076055001141550500000290511000650103
43170761076055001141550500000294661000650108
43170861076055001141550500000308931000650103
35170876075118001465550010000271681414998266
35170876075118001465550010000272731294850238
35170876075118001465550010000274221723638296
43170761076055001141550500000285171000650104
43170761076055001141550500000278841000650109
43170761076055001141550500000285091000650102
43170761076055001141550500000285101000650103
43170761076055001141550500000285111000650100
35170876075118001465550010000273881656317728
35170876075118001465550010000272001434599188
43170761076055001141550500000285121000650108
43170761076055001141550500000285131000650105
43170761076055001141550500000285151000650100
43170761076055001141550500000285141000650102
43170861076055001141550500000315351000650108
43170861076055001141550500000333951000650104
43170861076055001141550500000339331000650104
43170861076055001141550500000339731000650100
43170861076055001141550500000339351000650109
43170861076055001141550500000339521000650100
43170861076055001141550500000339531000650107
43170861076055001141550500000339541000650104
43170861076055001141550500000339571000650106
43170861076055001141550500000339581000650103
43170861076055001141550500000339611000650109
43170861076055001141550500000339551000650101
43170861076055001141550500000339561000650109
43170861076055001141550500000339591000650100
43170861076055001141550500000339341000650101
43170861076055001141550500000339501000650105
43170861076055001141550500000339631000650103
43170861076055001141550500000339511000650102
43170861076055001141550500000339601000650101
43170861076055001141550500000339621000650106
35170976075118001465550010000275551336177678
35170976075118001465550010000275561664700536
35170976075118001465550010000275861444444831
43170861076055001141550500000336601000650105
43170861076055001141550500000341961000650105
43170861076055001141550500000339471000650100
43170861076055001141550500000339481000650107
43170861076055001141550500000339491000650104
43170961076055001141550500000365381000650106
43170961076055001141550500000375051000650100
43170961076055001141550500000373681000650109
43170961076055001141550500000373691000650106
43170961076055001141550500000373701000650107
43170961076055001141550500000375601000650101
43170961076055001141550500000375621000650106
43170961076055001141550500000375631000650103
43170961076055001141550500000375661000650105
43170961076055001141550500000380381000650108
43171061076055001141550500000390001000650105
43171061076055001141550500000390011000650102
43171061076055001141550500000405301000650104
35171076075118001465550010000281431146254444
43170961076055001141550500000375611000650109
43170961076055001141550500000375651000650108
43170961076055001141550500000373711000650104
43170961076055001141550500000373721000650101
43170961076055001141550500000375061000650107
43170961076055001141550500000375671000650102
43170961076055001141550500000373751000650103
43170961076055001141550500000375001000650103
43170961076055001141550500000375641000650100
43170961076055001141550500000373731000650109
43170961076055001141550500000373741000650106
43170961076055001141550500000375011000650100
43170961076055001141550500000375021000650108
43170961076055001141550500000375031000650105
43170961076055001141550500000375041000650102
43170961076055001141550500000380231000650105
43171061076055001141550500000417691000650104
43171061076055001141550500000419871000650103
43171061076055001141550500000419881000650100
43171061076055001141550500000420701000650101
43171061076055001141550500000419891000650108
43171061076055001141550500000419901000650109
43171061076055001141550500000419861000650106
43171161076055001141550500000427661000650100
43171061076055001141550500000419241000650103
43171161076055001141550500000450771000650100
43171161076055001141550500000448441000650108
43171261076055001141550500000475681000650100
43171261076055001141550500000463611000650104
43171261076055001141550500000469601000650100
43171261076055001141550500000469611000650107
43171261076055001141550500000479321000650100
43171261076055001141550500000472011000650105
43171261076055001141550500000469501000650103
43160259876003000136550100006004861000603013
43160259876003000136550100006011651000603011
43160259876003000136550100006037201000603011
43160359876003000136550100006045641000603013
35160476075118001465550010000225431311379320
43160459876003000136550100006087761000603017
43160459876003000136550100006116841000603015
43160659876003000136550100006189311000603017
43160659876003000136550100006191871000603013
43160659876003000136550100006200631000603019
43160659876003000136550100006201381000603011
43160759876003000136550100006225831000603011
43160659876003000136550100006192991000603010
43160659876003000136550100006200651000603013
43160659876003000136550100006200151000603011
35160876075118001465550010000236601419821002
43160859876003000136550100006249051000603010
43160759876003000136550100006242981000603017
43160959876003000136550100006347591000603017
43161059876003000136550100006373661000603013
43161059876003000136550100006375901000603010
43161059876003000136550100006385231000603011
43161059876003000136550100006385241000603019
43161059876003000136550100006386981000603018
43161059876003000136550100006389441000603013
43160959876003000136550100006348491000603016
43160959876003000136550100006347661000603011
43160959876003000136550100006347621000603012
43161059876003000136550100006375911000603017
43161059876003000136550100006385221000603014
43161059876003000136550100006393111000603014
43161059876003000136550100006393121000603011
43161059876003000136550100006393131000603019
43161059876003000136550100006377331000603014
43161059876003000136550100006393151000603013
43161059876003000136550100006393171000603018
43161059876003000136550100006393891000603017
43161059876003000136550100006378701000603013
43161059876003000136550100006393141000603016
43161159876003000136550100006401951000603010
43161059876003000136550100006397541000603013
43161159876003000136550100006401961000603017
43161159876003000136550100006401971000603014
43161159876003000136550100006413251000603010
43161159876003000136550100006430391000603019
43161159876003000136550100006430431000603011
43161159876003000136550100006430471000603010
35161176075118001465550010000247851721426567
43161059876003000136550100006385281000603018
43161059876003000136550100006385291000603015
43161059876003000136550100006385271000603010
43161059876003000136550100006385301000603016
43161159876003000136550100006430451000603016
43161159876003000136550100006430461000603013
43161159876003000136550100006430441000603019
43161159876003000136550100006438501000603010
43161159876003000136550100006440931000603018
43161159876003000136550100006441241000603016
43161159876003000136550100006438511000603017
43161159876003000136550100006439661000603015
43161159876003000136550100006441751000603015
43160159876003000217550200001427251000603027
43160159876003000217550200001425121000603028
43160259876003000217550200001440301000603021
43160259876003000217550200001440311000603029
35160576075118001465550010000227261899499191
35160976075118001465550010000239681845598680
43161059876003000217550200001544531000603027
35161076075118001465550010000243701273952637
43160959876003000217550200001522831000603026
43161159876003000217550200001560001000603024
43161159876003000217550200001561071000603020
43161159876003000217550200001560041000603023
43161159876003000217550200001561061000603023
43161259876003000217550200001567731000603022
43161259876003000217550200001567751000603027
43160159876003000217550200001425131000603025
43160159876003000217550200001427371000603028
35160576075118001465550010000227271225067650
35160976075118001465550010000239691273550846
35161076075118001465550010000243711166456005
43161059876003000217550200001544551000603021
35150176075118001465550010000179501331403539
35150176075118001465550010000180081169086768
43150159876003000136550100005456701000603013
43150159876003000136550100005442521000603019
43150159876003000136550100005442531000603016
43150159876003000136550100005456711000603010
43150159876003000136550100005456731000603015
43150159876003000136550100005457441000603019
43150359876003000136550100005521181000603013
43150359876003000136550100005521191000603010
43150359876003000136550100005542881000603012
43150559876003000136550100005616671000603011
43150559876003000136550100005641471000603015
43150659876003000136550100005678081000603012
43150659876003000136550100005678091000603010
43150659876003000136550100005678261000603010
43150559876003000136550100005636081000603010
43150559876003000136550100005641481000603012
43150659876003000136550100005678141000603010
43150759876003000136550100005699341000603010
43150659876003000136550100005678131000603012
43150859876003000136550100005776991000603017
43150759876003000136550100005734971000603010
43150759876003000136550100005744511000603015
43150859876003000136550100005777001000603010
43150859876003000136550100005790351000603016
43150859876003000136550100005790421000603010
43150859876003000136550100005790451000603012
35150976075118001465550010000205791113876289
43150859876003000136550100005790131000603019
43150859876003000136550100005790571000603013
43150859876003000136550100005790591000603018
43150959876003000136550100005821391000603016
43150859876003000136550100005790631000603010
43150859876003000136550100005790541000603011
43150859876003000136550100005790601000603019
43150859876003000136550100005790401000603016
43150859876003000136550100005790411000603013
43150959876003000136550100005845591000603010
29151014599867000110550010000245581000606673
43151059876003000136550100005876451000603013
43151059876003000136550100005911851000603018
35150876075118001465550010000200471701782035
35150876075118001465550010000201851129087086
35151076075118001465550010000207101488818130
43150959876003000217550200001372661000603029
43151059876003000217550200001388481000603028
43151059876003000217550200001388471000603020
43150159876003000217550200001245931000603026
43150659876003000217550200001338121000603021
35150876075118001465550010000201861233754228
35151076075118001465550010000207111794605790
43150959876003000217550200001374451000603020
43151059876003000217550200001388541000603025
43151159876003000217550200001394321000603024
43131259876003000217550200000994441000603024
43131259876003000217550200000993661000603026
43140259876003000217550200001040671000603023
35140576075118001465550010000155271515052180
35140776075118001465550010000160621679540750
43140259876003000136550100004726691000603019
35140276075118001465550010000146671358992291
35140276075118001465550010000146661624267509
43140359876003000136550100004805631000603018
43140359876003000136550100004841941000603010
43140459876003000136550100004919761000603010
43140359876003000136550100004855301000603010
43140459876003000136550100004912671000603012
43140459876003000136550100004916181000603010
43140459876003000136550100004951721000603015
43140559876003000136550100005018441000603014
43140459876003000136550100004955351000603013
43140459876003000136550100004966141000603013
43140459876003000136550100004969881000603013
43140459876003000136550100004955361000603010
43140459876003000136550100004959001000603010
43140559876003000136550100005020551000603019
43140559876003000136550100005020561000603016
43140559876003000136550100005020601000603019
43140559876003000136550100005018431000603017
35140576075118001465550010000155281590830809
43140559876003000136550100005018451000603011
43140559876003000136550100005048911000603018
43140659876003000136550100005066181000603010
43140759876003000136550100005165991000603010
43140759876003000136550100005153371000603011
43140759876003000136550100005166021000603017
43140759876003000136550100005179541000603014
43140759876003000136550100005179571000603016
43140759876003000136550100005181771000603010
43140859876003000136550100005200101000603016
43140759876003000136550100005168651000603018
43140859876003000136550100005203071000603017
43140859876003000136550100005203081000603014
35140876075118001465550010000163391981802089
43140859876003000136550100005227891000603013
43140859876003000136550100005229091000603013
43140959876003000136550100005302281000603019
35140976075118001465550010000166611661280988
43141059876003000217550200001198561000603025
35130176075118001465550010000098371377214750
43121259876003000136550100003619971000603018
35130276075118001465550010000103471451306905
43130259876003000136550100003765751000603014
43130259876003000136550100003775971000603016
43130359876003000136550100003850211000603019
43130359876003000136550100003865251000603010
43130359876003000136550100003865321000603014
43130459876003000136550100003944511000603012
43130459876003000136550100003946481000603018
43130459876003000136550100003949041000603010
35130576075118001465550010000111971944988694
35130576075118001465550010000114311293678891
43130459876003000136550100003959401000603010
43130559876003000136550100004025671000603012
43130659876003000136550100004091951000603010
43130559876003000136550100004045071000603013
43130659876003000136550100004108491000603019
35130876075118001465550010000120851493468470
43130859876003000136550100004251661000603015
43130859876003000136550100004283881000603017
43130859876003000136550100004283621000603010
35130976075118001465550010000127321085479663
43130859876003000136550100004302281000603010
43130859876003000136550100004305681000603012
35130976075118001465550010000127331003097394
43130859876003000136550100004310021000603018
43130859876003000136550100004310031000603015
35131076075118001465550010000129671804550363
35131076075118001465550010000131171417333600
43131059876003000136550100004460991000603016
35131076075118001465550010000133771965585671
43131059876003000136550100004473011000603011
43131159876003000136550100004555971000603011
35131276075118001465550010000138461908745310
35130576075118001465550010000112801478649441
35130676075118001465550010000115401748068769
43130759876003000217550200000888421000603029
43130859876003000217550200000911491000603027
43130959876003000217550200000932761000603022
43131059876003000217550200000956851000603022
35130276075118001465550010000102251274684543
35130576075118001465550010000112811484713048
43121059876003000217550200000698261000603028
43121159876003000217550200000725931000603020
43120359876003000217550200000588531000603025
43120559876003000217550200000609811000603020
35120776075118001465550010000078261569098496
35121076075118001465550010000090631432777246
43120459876003000136550100002972491000603012
43120459876003000136550100002972511000603010
43120459876003000136550100002972521000603018
43120459876003000136550100002972531000603015
43120459876003000136550100002973091000603012
43120459876003000136550100002974191000603014
43120659876003000136550100003125171000603013
35120776075118001465550010000078081029770137
43120759876003000136550100003210261000603018
43120959876003000136550100003360431000603012
43120959876003000136550100003373801000603017
35120976075118001465550010000085081550488725
43120959876003000136550100003354841000603012
43120959876003000136550100003354851000603010
43120959876003000136550100003383661000603012
35121076075118001465550010000088161570821479
43121259876003000136550100003617661000603010
43121259876003000136550100003617821000603014