35211034506878000115550010000013281000001331
41240602932428000106550010000083621100352029
41200602932428000106550010000045651100352280
41211213342739000123550010001912551100353023
33230257158057000645550010004210171922048150
42230476639285002544550010004204151404310857
35210444357085001026550010007353171051592506
41220737034120000110550010000016151323918674
41210902932428000106550010000057311100351100
41240802932428000106550010000085851100354466
41210707912657000174550010000113291402400018
41200902932428000106550010000047711100352076
41210884586205000867550000014764241842250440
43210503808452000192550000001277991283638461
41201101028987000115550020000298841020051666
41221016838196000128550010000066571849400011
41230516838196000128550010000076311018700006
41210816838196000128550010000050831583700016
41220302932428000106550010000062601100350146
41210810262907000182550010000038731080111101
43211092664028002780550010003945131040207039
41201081402778000129550550000106841696679371
41220503940147000150550010000620511060800026
41211075994764000149550010001711691004649679
41210406913480002535550010000046891565005262
41220479211868000190550010000059701956420362
35231108764884000162550010000008761806417541
42231114087987000138550010000237021567363805
43240793527794000127551000000698451000100038
42240715156999000130550010000460181344118860
42231134640311000137550010000029141791132460
42230734640311000137550010000026511926982510
35240850970342000102550030021633581053286015
41211113342739000123550010001895791100358120
42220478530078000105550010000009451940000054
42230385203925000192550030000737401291000525
43200417408752000199550010000210331854659970
35210750227644000195550010000307321767389818
41220403940147000150550010000612841972400060
41231277804599000655550020001169601341207936
43210802609742000144550010000098361697310980
41210811247117000190550010000158131112894849
35230904787377000193550020000160781450739524
41221177806081000146550010000206841780000015
42221202707275000195550030001409761579313643
42201004527481000149550020000310001582826855
42200404527481000149550020000268631785905002
42200404527481000149550020000269021342669857
42200404527481000149550020000269111174223850
41200480841778000162550010000016321871189662
42200804527481000149550020000299101507641236
42201004527481000149550020000307551135682340
42200404527481000149550020000271251976198802
41201180841778000162550010000026121639218857
41201204527481000220550020000121691683799560
41210201822499000185550010000016601997718262